%<Barra de carga><P trifásico [kW]><cosfi (indutivo)>
cargas = [020 151 0.91
030 141 0.92
040 133 0.93
050 149 0.90
060 153 0.92
070 137 0.90
080 137 0.92
090 141 0.91
100 151 0.94
110 155 0.92
120 144 0.93
130 133 0.92
140 133 0.92
150 159 0.92
160 131 0.94
170 150 0.91
180 131 0.94
190 140 0.92
200 144 0.91
210 153 0.95
220 110 0.92
230 151 0.91
240 141 0.92
250 133 0.93
260 155 0.92
270 144 0.91
280 153 0.92
290 145 0.94
300 136 0.92
310 141 0.92
320 125 0.93
330 123 0.92
340 123 0.94
350 141 0.93
];