% Arquivo com as tensões na subestação (barra 10) para cada simulação de falta
% 	- Os primeiros cinco casos são para a rede equilibrada
% 	- Os útimos cinco casos são para a rede desequilibrada
% <número do caso><Van real [V]><Van imaginário [V]><Vbn real [V]><Vbn imaginário [V]><Vcn real [V]><Vcn imaginário [V]>
% 
Emedido = [ ... 
01 7889.00 -241.62 -4153.75 -6711.27 -3735.26 6952.89 
02 6142.52 -1154.04 -4070.69 -4742.56 -2071.83 5896.60 
03 7310.59 -984.65 -4508.02 -5838.83 -2802.56 6823.48 
04 7815.57 -373.63 -4231.36 -6581.67 -3584.21 6955.30 
05 7801.18 -321.09 -4178.67 -6595.47 -3622.51 6916.57 
06 7707.27 -424.14 -4226.00 -6458.33 -3475.45 6881.48 
07 7644.40 -446.53 -4216.58 -6389.46 -3420.06 6832.88 
08 7702.08 -430.00 -4226.40 -6452.09 -3471.65 6881.57 
09 7594.23 -500.58 -4238.33 -6318.07 -3347.53 6815.16 
10 7662.49 -412.78 -4192.61 -6424.73 -3464.71 6835.82 
];